2 1000000000 1000000000000000000
3 1000000 1000000000000000000
4 31622 999901770412381456
5 3981 999909945163943901
6 1000 1000000000000000000
7 372 985826706403442688
8 177 963354501121950081
9 100 1000000000000000000
10 63 984930291881790849
11 43 929293739471222707
12 31 787662783788549761
13 24 876488338465357824
14 19 799006685782884121
15 15 437893890380859375
16 13 665416609183179841
17 11 505447028499293771
18 10 1000000000000000000
19 8 144115188075855872
20 7 79792266297612001
21 9 -1261475310744950487
22 6 131621703842267136
23 6 789730223053602816
24 5 59604644775390625
25 8 0
26 4 4503599627370496
27 4 18014398509481984
28 9 639558602475808609
29 4 288230376151711744
30 3 205891132094649
31 3 617673396283947
32 4 0
33 5 -2080022246165795451
34 4 0
35 4 0
36 6 -5108087961858080768
37 5 -8741818693953543755
38 2 274877906944
39 2 549755813888
40 5 -4369436395329424031
41 8 0
42 4 0
43 4 0
44 2 17592186044416
45 2 35184372088832
46 2 70368744177664
47 2 140737488355328
48 2 281474976710656
49 2 562949953421312
50 2 1125899906842624
51 4 0
52 5 -3394226340030730831
53 4 0
54 4 0
55 8 0
56 5 -15894042608333535
57 2 144115188075855872
58 2 288230376151711744
59 7 0
60 4 0

